((("u" .
   [1])
  ("click_on" .
   [1 0 0 0 0 0 0 0])
  ("have_link" .
   [1 0 0 0 0 0 0 0 0])
  ("should_not" .
   [1 0 0 0 0 0 0 0 0 0])
  ("s" .
   [2])
  ("it" .
   [2 0])
  ("sign_in_as_a_valid_user" .
   [0 0 0 0 0 0 0 0 0 0 0 0 1 0 0 0 0 0 0 0 0 0 0])
  ("first" .
   [1 0 0 0 0])
  ("export" .
   [2 0 0 0 0 0])
  ("setup-keys" .
   [0 0 0 1 0 0 0 0 0 0])
  ("rhtml" .
   [1 0 0 0 0])
  ("css-mode-hook" .
   [1 0 0 0 0 0 0 0 0 0 0 0 0])
  ("ruby" .
   [2 0 0 0])
  ("yaml-mode-hook" .
   [0 0 0 0 0 0 0 0 0 0 0 0 0 1])
  ("lambda" .
   [3 0 0 0 0 0])
  (":after" .
   [3 0 0 0 0 0])
  (":AFTER" .
   [0 0 0 0 0 1])
  (":load" .
   [2 0 0 0 0])
  ("elpa" .
   [1 0 0 0])
  (":type" .
   [3 0 0 0 0])
  ("t" .
   [2])
  (":name" .
   [3 0 0 0 0])
  ("ecb" .
   [2 0 0])
  ("help-mode-map" .
   [0 0 0 1 0 0 0 0 0 0 0 0 0])
  ("Terminal" .
   [0 0 0 0 0 0 0 1])
  ("global-set-key" .
   [1 0 0 0 0 0 0 0 0 0 0 0 0 1])
  ("nil" .
   [2 0 0])
  ("indent-tabs-mode" .
   [0 0 0 0 0 0 1 0 0 0 0 0 0 0 0 0])
  ("setq-default" .
   [0 0 0 0 1 0 0 1 0 0 0 1])
  ("hellw" .
   [0 0 0 0 1])
  ("hel" .
   [1 0 0])
  ("ehosts" .
   [1 0 0 0 0 0])
  ("md5" .
   [1 0 0])
  ("echo" .
   [3 0 0 0])
  ("self" .
   [3 0 0 0])
  ("Vec2" .
   [1 0 0 0])
  ("process" .
   [0 0 0 1 0 0 0])
  ("protected" .
   [0 0 0 0 0 2 0 0 0])
  ("private" .
   [1 0 0 0 0 0 0])
  ("Size" .
   [0 0 0 2])
  ("pos" .
   [1 0 0])
  ("5" .
   [1])
  ("alias" .
   [16 0 0 0 0])
  ("size" .
   [6 0 0 0])
  ("a" .
   [2])
  ("include" .
   [2 0 0 0 0 0 0])
  ("Body" .
   [0 0 1 0])
  ("attr_accessor" .
   [0 0 0 0 0 0 1 0 0 0 0 0 0])
  ("attr_reader" .
   [0 0 0 2 0 0 0 0 0 0 0])
  ("w" .
   [4])
  ("new" .
   [2 0 0])
  ("module" .
   [2 0 0 0 0 0])
  ("super" .
   [4 0 0 0 0])
  ("initialize" .
   [0 0 0 6 0 0 0 0 0 0])
  ("GameObject" .
   [0 0 0 0 0 5 0 0 1 0])
  ("Game" .
   [1 0 2 1])
  ("instance_methods" .
   [0 0 0 0 0 0 1 0 0 0 0 0 0 0 0 0])
  ("Position" .
   [1 0 1 1 2 0 0 1])
  ("2" .
   [1])
  ("1" .
   [1])
  ("v" .
   [1])
  ("add" .
   [0 0 1])
  ("MyMath" .
   [0 0 1 0 0 0])
  ("x" .
   [6])
  ("and" .
   [1 0 0])
  ("slice" .
   [0 0 1 0 0])
  ("rWord" .
   [0 0 2 0 0])
  ("padding" .
   [1 0 0 0 0 0 0])
  ("sans-serif" .
   [1 0 0 0 0 0 0 0 0 0])
  ("54a929" .
   [0 0 0 1 0 0])
  ("color-theme" .
   [0 0 0 0 0 0 1 0 0 0 0])
  ("form" .
   [1 0 0 0])
  ("label" .
   [1 0 0 0 0])
  ("bleu" .
   [1 0 0 0])
  ("white" .
   [2 0 0 0 0])
  ("logo" .
   [3 0 0 0])
  ("color" .
   [4 0 0 0 0])
  ("styles" .
   [1 0 0 0 0 0])
  ("fadeValue" .
   [5 0 0 0 0 0 0 0 0])
  ("string" .
   [2 0 0 0 0 2])
  ("equal?" .
   [1 0 0 0 0 0])
  ("grep" .
   [1 0 0 0])
  ("while" .
   [1 0 1 0 0])
  ("solid" .
   [1 0 0 1 0])
  ("border" .
   [1 0 0 0 0 0])
  ("2px" .
   [1 0 0])
  ("red" .
   [2 0 0])
  ("height" .
   [10 0 1 1 1 1])
  ("100px" .
   [1 0 0 0 0])
  ("background" .
   [1 0 0 0 2 0 0 1 0 0])
  ("float" .
   [1 0 0 0 0])
  ("left" .
   [4 0 0 0])
  ("divs" .
   [1 0 0 0])
  ("div" .
   [1 0 0])
  ("image" .
   [7 0 0 1 0])
  ("className" .
   [5 0 0 0 0 0 0 0 0])
  ("lightbox" .
   [2 0 0 1 2 2 0 0])
  ("style" .
   [5 0 1 0 0])
  ("position" .
   [7 1 3 1 0 0 0 0])
  ("absolute" .
   [3 0 0 0 0 0 0 0])
  ("top" .
   [3 0 0])
  ("center" .
   [2 0 0 0 0 0])
  ("parentNode" .
   [4 0 0 0 1 4 1 0 0 0])
  ("alert" .
   [2 0 0 0 0])
  ("from" .
   [1 0 0 0])
  ("to" .
   [2 0])
  ("50%" .
   [1 0 1])
  ("body" .
   [2 0 0 0])
  ("getElementById" .
   [0 0 0 1 0 0 0 0 0 0 0 0 0 0])
  ("getElementsByTagName" .
   [0 0 0 0 1 0 0 0 0 0 0 0 0 0 0 0 0 1 0 0])
  ("document" .
   [4 0 0 1 0 0 0 0])
  ("auto" .
   [1 0 0 0])
  ("copy" .
   [16 0 1 1])
  ("background-color" .
   [5 1 0 0 0 1 0 0 0 0 0 0 0 0 0 0])
  ("width" .
   [9 0 1 1 0])
  ("1000px" .
   [1 0 0 0 0 0])
  ("display" .
   [3 0 0 0 1 0 0])
  ("block" .
   [1 0 1 0 0])
  ("z-index" .
   [2 0 0 0 0 0 0])
  ("100" .
   [1 0 0])
  ("10px" .
   [3 0 0 0])
  ("100000" .
   [1 0 0 0 0 0])
  ("i" .
   [2])
  ("back" .
   [7 0 0 0])
  ("class" .
   [8 0 0 0 0])
  ("p" .
   [2])
  ("appendChild" .
   [1 0 0 0 0 1 1 0 0 0 0])
  ("function" .
   [2 0 0 0 0 0 0 0])
  ("click" .
   [1 0 0 0 0])
  ("object" .
   [1 0 0 0 0 0])
  ("parent" .
   [4 0 0 0 0 0])
  ("removeChild" .
   [0 0 0 1 0 0 0 0 0 0 0])
  ("text" .
   [7 0 0 0])
  ("createElement" .
   [0 0 0 1 0 0 0 0 0 0 0 0 0])
  ("getAttribute" .
   [0 0 0 0 1 0 1 0 0 0 0 0])
  ("imageContent" .
   [0 0 0 0 0 1 2 0 1 0 0 0])
  ("src" .
   [1 0 0])
  ("30px" .
   [0 0 1 0])
  ("300px" .
   [2 0 0 0 0])
  ("padding-top" .
   [2 0 0 0 0 0 0 0 0 0 0])
  ("200px" .
   [1 0 0 0 0])
  ("padding-left" .
   [1 0 0 0 0 0 0 0 0 0 0 0])
  ("var" .
   [6 0 0])
  ("console" .
   [1 0 0 0 0 0 1])
  ("caca" .
   [1 0 0 0])
  ("YQLSuccess" .
   [0 0 0 1 1 1 0 0 0 0])
  ("data" .
   [1 0 1 0])
  ("log" .
   [0 0 1])
  ("results" .
   [0 0 0 0 0 1 0])
  ("require" .
   [7 0 0 0 0 0 0])
  ("Color-theme" .
   [0 0 0 0 0 0 0 0 1 0 0])
  ("padding-bottom" .
   [1 0 0 0 0 0 0 0 0 0 0 0 0 0])
  ("5px" .
   [1 0 0])
  ("margin-bottom" .
   [1 0 0 0 0 0 0 0 0 0 0 0 0])
  ("lettre" .
   [1 0 0 0 0 0])
  ("tableau" .
   [1 0 0 0 0 0 0])
  ("perd" .
   [1 0 0 0])
  ("words" .
   [1 0 2 1 2])
  ("rand_word" .
   [0 0 0 0 3 0 0 0 0])
  ("randWord" .
   [0 0 0 0 0 1 0 0])
  ("word" .
   [34 0 0 0])
  ("shuffle" .
   [1 0 1 0 0 0 0])
  ("each" .
   [2 0 0 0])
  ("end" .
   [34 0 1])
  ("isFound" .
   [3 1 2 1 0 0 0])
  ("letter" .
   [12 3 7 2 1 0])
  ("each_char" .
   [1 0 0 0 0 0 1 0 0])
  ("to_s" .
   [1 0 7 1])
  ("false" .
   [13 0 0 0 0])
  ("merge!" .
   [1 0 1 0 0 0])
  ("length" .
   [2 0 0 2 0 0])
  ("puts" .
   [23 0 0 0])
  ("chr" .
   [10 0 0])
  ("lol" .
   [1 0 0])
  ("hasFound" .
   [5 0 2 16 3 0 0 0])
  ("finished" .
   [0 0 0 1 0 0 1 0])
  ("life" .
   [9 0 0 0])
  ("return" .
   [3 0 0 0 1 0])
  ("true" .
   [8 0 0 0])
  ("chomp" .
   [3 0 0 0 0])
  ("if" .
   [7 0])
  ("include?" .
   [0 1 10 1 0 0 0 0])
  ("then" .
   [5 0 0 0])
  ("tempWord" .
   [1 0 3 9 10 0 0 0])
  ("collect" .
   [0 0 0 0 1 0 0])
  ("delete" .
   [0 0 0 0 1 0])
  ("char" .
   [1 0 0 0])
  ("do" .
   [7 0])
  ("index" .
   [4 0 0 1 4])
  ("used" .
   [4 0 2 0])
  ("or" .
   [1 0])
  ("not" .
   [3 0 0])
  ("delete_at" .
   [1 0 0 0 0 0 0 0 0])
  ("def" .
   [10 0 0])
  ("bool" .
   [4 0 0 0])
  ("else" .
   [1 0 0 0])
  ("print" .
   [4 0 1 0 0])
  ("empty?" .
   [0 0 1 0 0 0])
  ("currentIndex" .
   [0 0 5 1 0 1 0 0 0 0 0 0])
  ("concat" .
   [0 0 0 1 0 0])
  ("replace" .
   [1 0 0 0 0 0 0])
  ("dup" .
   [2 0 0])
  ("uniq!" .
   [0 0 0 1 1])
  ("elsif" .
   [1 0 0 0 0])
  ("downcase" .
   [0 0 0 1 0 0 0 0])
  ("unless" .
   [1 0 0 0 0 0])
  ("gets" .
   [6 0 0 0])
  ("temp" .
   [2 0 0 0])
  ("line" .
   [1 0 0 0])
  ("instructions" .
   [0 0 0 2 0 0 0 0 0 0 0 0])
  ("split" .
   [0 0 1 0 0])
  ("bytes" .
   [1 0 0 0 0])
  ("cos" .
   [1 0 0])
  ("ARGV" .
   [1 0 0 0])
  ("yard" .
   [1 0 0 0])
  ("global-ede-mode" .
   [0 0 0 0 0 0 0 0 0 0 1 0 0 0 0])
  ("ecb-activate" .
   [1 0 0 0 0 0 0 0 0 0 0 0])
  ("e" .
   [1])
  ("ecb-byte-compile" .
   [1 0 0 0 0 0 0 0 0 0 0 0 0 0 0 0])
  ("git" .
   [1 0 1])
  (":url" .
   [1 0 0 0])
  ("load" .
   [1 0 0 0])
  ("User" .
   [2 0 0 1])
  ("user" .
   [9 0 0 0])
  ("user_or_id" .
   [4 0 0 0 0 0 0 0 0 0])
  ("user_or_" .
   [0 0 0 0 0 1 0 0])
  ("user_or_user_id" .
   [0 0 0 0 0 0 0 0 0 0 0 0 0 0 1])
  ("kind_of?" .
   [0 0 0 0 1 0 0 0])
  ("?" .
   [1])
  ("id" .
   [5 0])
  ("user_id" .
   [1 0 0 0 0 0 0])
  ("followed" .
   [1 0 0 0 0 0 0 0])
  ("relationships" .
   [1 0 0 0 0 0 0 0 0 0 0 0 0])
  ("expect" .
   [2 0 0 0 0 0])
  ("raise_error" .
   [1 0 0 0 0 0 0 0 0 0 0])
  ("ArgumentError" .
   [0 0 0 0 0 0 0 1 0 0 0 0 0])
  ("A" .
   [1])
  ("RecordNotSaved" .
   [0 0 0 0 1 0 0 0 0 0 0 0 0 0])
  ("exists?" .
   [1 0 0 0 0 0 0])
  ("followed_users" .
   [2 0 0 0 0 0 0 0 0 0 0 0 0 0])
  ("create" .
   [1 0 0 0 0 0])
  ("describe" .
   [3 0 0 0 0 0 0 0])
  ("before" .
   [1 0 0 0 0 0])
  ("let" .
   [2 0 0])
  ("should" .
   [2 0 0 0 0 0])
  ("follow" .
   [1 0 0 0 0 0])
  ("other_user" .
   [4 0 0 0 0 0 0 0 0 0])
  ("be" .
   [1 0])
  ("be_valid" .
   [0 0 0 1 0 0 0 0])
  ("stub" .
   [1 0 0 0])
  ("42" .
   [1 0])
  ("fake_user" .
   [2 0 0 0 0 0 0 0 0])
  ("PATH" .
   [1 0 0 0])
  ("helper" .
   [1 0 0 0 0 0])
  ("name" .
   [2 0 0 0])
  ("followers" .
   [1 0 0 0 0 0 0 0 0])
  ("main_tags" .
   [1 0 0 0 0 0 0 0 0])
  ("render" .
   [1 0 0 0 0 0])
  ("partial" .
   [1 0 0 0 0 0 0])
  ("locals" .
   [1 0 0 0 0 0])))
